,pct_cli,pct_ili,pct_cli_anosmia_ageusia,pct_hh_cli,pct_cmnty_cli,pct_hh_fever,pct_hh_sore_throat,pct_hh_cough,pct_hh_shortness_of_breath,pct_hh_difficulty_breathing,mean_hh_cli_ct,mean_cmnty_cli_ct,pct_self_fever,pct_self_cough,pct_self_shortness_of_breath,pct_self_difficulty_breathing,pct_self_tiredness_or_exhaustion,pct_self_nasal_congestion,pct_self_runny_nose,pct_self_muscle_joint_aches,pct_self_sore_throat,pct_self_persistent_pain_pressure_in_chest,pct_self_nausea_vomiting,pct_self_diarrhea,pct_self_anosmia_ageusia,pct_self_other,pct_self_none_of_above,pct_self_multiple_symptoms,pct_tested_and_positive,pct_tested_and_negative,pct_tested_no_result,pct_could_not_get_tested,pct_did_not_try_to_get_tested,pct_worked_outside_home,pct_avoid_contact_all_or_most_time,mean_outside_hh_contact_at_work_ct,mean_outside_hh_contact_shopping_ct,mean_outside_hh_contact_in_social_gatherings_ct,pct_contact_covid_positive,pct_diabetes,pct_cancer,pct_heart_disease,pct_high_blood_pressure,pct_asthma,pct_chronic_lung_disease,pct_kidney_disease,pct_autoimmune_disorder,pct_no_above_medical_conditions,pct_multiple_medical_conditions,pct_cli_weighted,pct_ili_weighted,pct_cli_anosmia_ageusia_weighted,pct_hh_cli_weighted,pct_cmnty_cli_weighted,pct_hh_fever_weighted,pct_hh_sore_throat_weighted,pct_hh_cough_weighted,pct_hh_shortness_of_breath_weighted,pct_hh_difficulty_breathing_weighted,mean_hh_cli_ct_weighted,mean_cmnty_cli_ct_weighted,pct_self_fever_weighted,pct_self_cough_weighted,pct_self_shortness_of_breath_weighted,pct_self_difficulty_breathing_weighted,pct_self_tiredness_or_exhaustion_weighted,pct_self_nasal_congestion_weighted,pct_self_runny_nose_weighted,pct_self_muscle_joint_aches_weighted,pct_self_sore_throat_weighted,pct_self_persistent_pain_pressure_in_chest_weighted,pct_self_nausea_vomiting_weighted,pct_self_diarrhea_weighted,pct_self_anosmia_ageusia_weighted,pct_self_other_weighted,pct_self_none_of_above_weighted,pct_self_multiple_symptoms_weighted,pct_tested_and_positive_weighted,pct_tested_and_negative_weighted,pct_tested_no_result_weighted,pct_could_not_get_tested_weighted,pct_did_not_try_to_get_tested_weighted,pct_worked_outside_home_weighted,pct_avoid_contact_all_or_most_time_weighted,mean_outside_hh_contact_at_work_ct_weighted,mean_outside_hh_contact_shopping_ct_weighted,mean_outside_hh_contact_in_social_gatherings_ct_weighted,pct_contact_covid_positive_weighted,pct_diabetes_weighted,pct_cancer_weighted,pct_heart_disease_weighted,pct_high_blood_pressure_weighted,pct_asthma_weighted,pct_chronic_lung_disease_weighted,pct_kidney_disease_weighted,pct_autoimmune_disorder_weighted,pct_no_above_medical_conditions_weighted,pct_multiple_medical_conditions_weighted
pct_cli,1,0.929237222,0.692553876,0.689254076,0.383919774,0.628222445,0.385348773,0.370974617,0.305953089,0.30908207,0.006993673,-0.002148694,0.885066818,0.366207935,0.287411015,0.314022019,0.297893106,0.299476233,0.230671792,0.210334893,0.374906093,0.39224286,0.343955315,0.310739998,0.427828796,0.097659218,-0.279688775,0.319798329,0.21952804,-0.0051862,0.157186352,0.131436149,-0.127703132,0.139721288,0.005521684,-0.000493722,-0.000482581,-0.000152448,0.218572508,-0.136778163,-0.17937395,-0.156368442,-0.149406443,0.067571398,-0.117373587,-0.124609007,0.002675231,0.156570749,-0.148140841,0.915063724,0.851669332,0.644461288,0.632626265,0.262526436,0.584634754,0.37213834,0.362620793,0.294570855,0.293720017,0.006426376,-0.002257323,0.820283251,0.360603848,0.276895552,0.297849662,0.294181924,0.294195823,0.228842077,0.209000928,0.368009944,0.367893159,0.328143848,0.299966598,0.400295603,0.093917933,-0.276456354,0.315929802,0.244106851,0.071679358,0.190615859,0.188345828,0.138113904,0.114135212,-0.004906842,-0.000237097,-0.000237097,-0.000266923,0.205541324,-0.138709218,-0.17387799,-0.155451906,-0.149170253,0.071054045,-0.117451368,-0.12161564,-0.005126383,0.155128263,-0.148208986
pct_ili,0.929237222,1,0.665998617,0.663235519,0.393897486,0.638582951,0.415300294,0.375936633,0.287729257,0.290879734,0.006610523,-0.00144141,0.898688136,0.367196164,0.263938402,0.292244604,0.315687909,0.30973033,0.233857112,0.209804633,0.409874678,0.390661889,0.356757982,0.321859934,0.430196277,0.097367724,-0.294360232,0.33290294,0.213644964,-0.001964982,0.173465566,0.128719717,-0.131872576,0.143693332,0.002704215,-0.000309942,-0.00030441,-0.0019872,0.222113539,-0.153662894,-0.192529808,-0.175350293,-0.170874303,0.081835262,-0.13406332,-0.140734764,0.004158205,0.174739802,-0.166045011,0.852411516,0.916589574,0.621240864,0.610585099,0.270684463,0.59443072,0.402519523,0.368829695,0.277369171,0.278581266,0.006059623,-0.001612211,0.832042378,0.363282349,0.255676745,0.278682127,0.311411269,0.304308845,0.232437317,0.209704736,0.402997519,0.366756252,0.342217367,0.312150195,0.403246328,0.093682704,-0.290473457,0.329443498,0.242048759,0.079908318,0.208165802,0.19055185,0.146184905,0.118988013,-0.007390906,3.46E-05,3.46E-05,-0.002079938,0.209275052,-0.15548794,-0.186811186,-0.174646319,-0.170316082,0.0847851,-0.133662428,-0.137242333,-0.004780567,0.173447725,-0.166045457
pct_cli_anosmia_ageusia,0.692553876,0.665998617,1,0.56304601,0.507224847,0.538963241,0.474234746,0.465383016,0.390507017,0.3714136,0.005360908,-0.00161972,0.65564901,0.441012364,0.348775714,0.352498747,0.39469096,0.399736859,0.308371266,0.28149498,0.457627665,0.43589969,0.428620656,0.375532968,0.913570937,0.146181238,-0.390214742,0.443752011,0.316416039,-0.007227816,0.183397729,0.15070263,-0.160999051,0.116233289,0.042183489,-0.001953457,-0.001944565,0.00053537,0.293067158,-0.157947722,-0.192039813,-0.179471249,-0.17745508,0.106331484,-0.120764164,-0.135894438,0.039432575,0.17495747,-0.160381291,0.631781275,0.608907787,0.929498753,0.516795426,0.362709798,0.500681453,0.460778472,0.457521267,0.377053075,0.352798605,0.004981418,-0.001729294,0.606248292,0.43519428,0.334273667,0.334564095,0.389315319,0.392564196,0.306130013,0.278419028,0.449425608,0.405971068,0.409111009,0.361363265,0.842108301,0.135802518,-0.385527897,0.440543286,0.356661933,0.107861696,0.240662227,0.23530771,0.201481628,0.094778496,0.030055368,-0.001618407,-0.001618407,0.000503067,0.273886546,-0.16011941,-0.185778495,-0.176945471,-0.176327066,0.108826312,-0.122966477,-0.132557481,0.028434552,0.172045711,-0.160778435
pct_hh_cli,0.689254076,0.663235519,0.56304601,1,0.429267164,0.894496898,0.434246074,0.402643769,0.338873048,0.361897332,0.011780486,-0.00350577,0.662327489,0.333802595,0.244607671,0.266788265,0.291652081,0.283044906,0.203740442,0.170959447,0.361353534,0.360406727,0.323324709,0.29822609,0.405625477,0.068343079,-0.271927426,0.305520832,0.259043858,0.016470879,0.179003171,0.129092812,-0.158803853,0.163437032,-0.014406177,-0.002279654,-0.002267043,0.001033113,0.280637318,-0.147132627,-0.19888621,-0.16553355,-0.16065146,0.044003656,-0.1408373,-0.135490248,-0.031212862,0.177538598,-0.168622461,0.629539152,0.606775157,0.525932419,0.919190845,0.308621414,0.834318189,0.423033815,0.395226263,0.329367089,0.344982834,0.011150882,-0.003567053,0.612325314,0.329598386,0.236439588,0.254077588,0.287714646,0.277039523,0.202856977,0.173269867,0.355510108,0.338699323,0.310855668,0.289011224,0.380261281,0.063063835,-0.269446471,0.302921973,0.283098613,0.094874889,0.213792671,0.184831628,0.124345485,0.138315863,-0.01937922,-0.001935213,-0.001935213,0.000972064,0.263694973,-0.151377736,-0.195116822,-0.165805848,-0.162645023,0.044901871,-0.142420649,-0.134422882,-0.039269456,0.178171825,-0.170789586
pct_cmnty_cli,0.383919774,0.393897486,0.507224847,0.429267164,1,0.444331608,0.58412444,0.474465546,0.275813356,0.288363409,0.002827786,-0.002277241,0.40174918,0.391952783,0.202225037,0.242904899,0.482891654,0.403218178,0.236202866,0.149803868,0.536694872,0.413414294,0.474180183,0.435210454,0.46681815,0.029897768,-0.418137532,0.448564237,0.409125424,0.1601952,0.284965743,0.1153199,-0.334285249,0.325858747,-0.146900698,-0.001935904,-0.001932403,0.002572685,0.564363206,-0.290740216,-0.359240092,-0.309904554,-0.326799889,0.104356216,-0.289893699,-0.259383628,-0.066668173,0.345678352,-0.327723426,0.357678117,0.366020627,0.479022656,0.400194797,0.976298961,0.416332502,0.565995584,0.471194872,0.276885272,0.286781768,0.002935835,-0.002281573,0.378725342,0.392441533,0.200736753,0.239383193,0.476753584,0.393161811,0.23536111,0.159561838,0.522184246,0.390410383,0.457714206,0.422639101,0.43638339,0.027107898,-0.416889021,0.447898998,0.44815481,0.297566419,0.340198851,0.211207759,0.154653883,0.280517034,-0.13486599,-0.001884421,-0.001884421,0.002762284,0.528502616,-0.295789469,-0.353250897,-0.311863767,-0.329936189,0.113172473,-0.29092788,-0.258307388,-0.081006238,0.3430469,-0.329627663
pct_hh_fever,0.628222445,0.638582951,0.538963241,0.894496898,0.444331608,1,0.470232825,0.389861383,0.296012868,0.32633181,0.008694484,-0.002993155,0.701352956,0.321562718,0.212648981,0.24375785,0.346849954,0.304832543,0.211480679,0.163423117,0.399920775,0.36674058,0.363919722,0.335582351,0.398066129,0.071652394,-0.312311186,0.340105404,0.245002442,0.009492137,0.189069476,0.120015324,-0.149145338,0.191705495,-0.037566309,-0.003589852,-0.003571487,0.001883234,0.28026099,-0.20618102,-0.255047257,-0.227981066,-0.230165893,0.083456839,-0.201842325,-0.187565825,-0.039562845,0.240740215,-0.233937334,0.57721669,0.586416907,0.50589598,0.826624334,0.325991774,0.923825568,0.458048498,0.385476703,0.291248328,0.315481466,0.008325224,-0.003056889,0.645641569,0.320004716,0.208846802,0.235586792,0.340081679,0.29662792,0.209423531,0.166633026,0.392126587,0.346604958,0.350465853,0.32589712,0.374523503,0.064534351,-0.308369054,0.336676322,0.277059608,0.104780231,0.229088175,0.190085628,0.15722073,0.16987664,-0.038488906,-0.003235207,-0.003235207,0.001795953,0.264882828,-0.208923126,-0.250400099,-0.227824493,-0.230887339,0.084157693,-0.20177807,-0.185681317,-0.050155101,0.240047071,-0.235161024
pct_hh_sore_throat,0.385348773,0.415300294,0.474234746,0.434246074,0.58412444,0.470232825,1,0.601369978,0.295618699,0.312646576,0.00323002,-0.00546706,0.418818297,0.514827085,0.22562136,0.27302264,0.684480485,0.592930719,0.442182784,0.20990089,0.91248939,0.501755909,0.611732664,0.578448321,0.407542357,0.153327808,-0.678141773,0.678656523,0.110435709,-0.08656519,0.166603183,0.133707816,-0.039083071,0.223218985,-0.013147233,-0.003903921,-0.003903389,0.001589911,0.221768416,-0.504065873,-0.489300327,-0.512887599,-0.566322763,0.369005407,-0.427130719,-0.415389059,-0.012612521,0.52137182,-0.509116307,0.360528721,0.387650997,0.451599306,0.405248531,0.393543412,0.438987503,0.959561688,0.597066451,0.295811071,0.311774413,0.00313975,-0.005559341,0.39470219,0.5135304,0.221207988,0.266623454,0.662767907,0.572928675,0.430597183,0.217767627,0.875279399,0.471395929,0.586079811,0.553704994,0.386055218,0.136174755,-0.663165247,0.664834898,0.197596036,0.112732929,0.263701228,0.302323312,0.431483793,0.203996754,-0.03011407,-0.003731001,-0.003731001,0.001798062,0.211127315,-0.499518788,-0.477065016,-0.505196287,-0.555772693,0.364817219,-0.422005093,-0.401607884,-0.03755261,0.509665406,-0.50251501
pct_hh_cough,0.370974617,0.375936633,0.465383016,0.402643769,0.474465546,0.389861383,0.601369978,1,0.537856371,0.43033397,0.003394325,-0.005835482,0.379832582,0.906011809,0.455933413,0.374627993,0.49739492,0.653197266,0.636750898,0.371600903,0.575495952,0.491379208,0.446095858,0.455705037,0.389810081,0.268339107,-0.709521229,0.729439817,-0.000827953,-0.313758967,-0.029490891,0.187705322,0.199766102,0.014920541,0.316849239,-0.003050502,-0.003049169,9.09E-06,0.060072449,-0.174172063,-0.229613159,-0.187717448,-0.196562727,0.169213366,-0.088255768,-0.149939636,0.034290406,0.186052726,-0.171541766,0.325625632,0.330909075,0.416616211,0.352351879,0.187365174,0.345256995,0.569662796,0.96289151,0.50006751,0.394045524,0.002335559,-0.005810052,0.337201254,0.873108517,0.419762603,0.340201391,0.481064176,0.633497655,0.61872557,0.354636768,0.548998576,0.439867136,0.412559933,0.428329989,0.345194558,0.241166717,-0.684803712,0.704104841,0.072668997,-0.12692876,0.073999466,0.349126865,0.569770559,0.011111937,0.269875572,-0.002868718,-0.002868718,-0.000129603,0.037694474,-0.17666361,-0.215570441,-0.178820675,-0.190294845,0.168622339,-0.091809442,-0.142140734,0.020893673,0.179371047,-0.168699973
pct_hh_shortness_of_breath,0.305953089,0.287729257,0.390507017,0.338873048,0.275813356,0.296012868,0.295618699,0.537856371,1,0.674372239,0.00774821,-0.000115823,0.289637326,0.524574238,0.815571436,0.587062755,0.280158844,0.372990623,0.386631398,0.441004792,0.272080406,0.37488196,0.269510155,0.233601961,0.336756851,0.255650881,-0.384935158,0.465314897,0.086449618,-0.091375824,0.022952637,0.136041831,0.003213871,-0.135496755,0.233362442,-0.000990938,-0.001000679,-0.001914797,0.050944995,0.148991703,0.119013254,0.16077537,0.150871164,0.080022411,0.275987259,0.166348882,0.19079672,-0.183054384,0.204824702,0.267734451,0.252234212,0.346337134,0.293609877,0.152158825,0.259459074,0.279742536,0.514822905,0.936173584,0.607709511,0.007247752,-0.000246029,0.255642654,0.505243084,0.756442604,0.530016056,0.279929543,0.369065223,0.383757601,0.417612783,0.261917545,0.331577613,0.247358422,0.219637387,0.294397383,0.235173115,-0.370473759,0.452550548,0.117836314,0.008243685,0.077782486,0.208178184,0.26525193,-0.14556927,0.198638632,-0.000930264,-0.000930264,-0.002018332,0.028326212,0.143403153,0.124205973,0.165641888,0.153075838,0.079312206,0.267027442,0.163286223,0.185514834,-0.181740839,0.201699479
pct_hh_difficulty_breathing,0.30908207,0.290879734,0.3714136,0.361897332,0.288363409,0.32633181,0.312646576,0.43033397,0.674372239,1,0.007931596,-0.001899186,0.290684727,0.400368157,0.601590234,0.753493094,0.299182087,0.324500077,0.28166787,0.30207625,0.279647483,0.404805934,0.282569416,0.2706601,0.327839624,0.144856301,-0.33208836,0.389180763,0.119713734,-0.022432471,0.055882291,0.133239293,-0.067541204,0.071877553,0.029198792,0.002713587,0.002702251,0.001493581,0.129697171,-0.013218265,-0.055299627,0.022444461,-0.020943022,0.081045635,0.084149041,0.029054043,0.004791488,0.012771235,0.008803087,0.282029541,0.266784069,0.344798087,0.330911883,0.211632076,0.302960942,0.309893468,0.424570327,0.645862417,0.924411358,0.007231806,-0.001907792,0.268519144,0.396088835,0.572376072,0.693002405,0.303788704,0.323383973,0.284498116,0.293910025,0.280586412,0.375904753,0.269619346,0.262158665,0.301665523,0.135990064,-0.329423297,0.388594296,0.149149754,0.067351892,0.106589314,0.194608686,0.191741198,0.036338126,0.00579834,0.00257459,0.00257459,0.001511155,0.112881382,-0.023622538,-0.053337154,0.019059657,-0.027985713,0.08351526,0.075466872,0.021398139,-0.001211506,0.018592438,0.000798449
mean_hh_cli_ct,0.006993673,0.006610523,0.005360908,0.011780486,0.002827786,0.008694484,0.00323002,0.003394325,0.00774821,0.007931596,1,0,0.004986705,0.001841409,0.004940422,0.004735885,0.000734244,0.002735266,-0.003297085,0.000528439,-0.002389178,0.0044609,-0.00094557,0.00764779,0.003856631,-0.002373396,0.000331141,0.000419164,0.013955247,0.003506444,0.001606528,-0.003579377,-0.005315805,0.004411719,-0.006219607,-3.63E-05,-3.60E-05,-3.36E-05,0.002929001,-0.001112408,-0.000590239,-0.003391777,-0.003046188,0.00144503,-0.005038217,-0.001363118,-0.003837515,0.003831793,-0.002901782,0.00765433,0.007325186,0.005829722,0.012674255,0.002770437,0.009625444,0.004488164,0.008182707,0.011521732,0.011413121,0.994573652,0,0.005451963,0.006050541,0.010499293,0.007283117,0.001595652,0.005139968,-0.00180094,0.001419558,-0.001828218,0.006352337,-0.000177669,0.007143277,0.005294203,0.000268436,-0.000448005,0.001750746,0.012364685,0.006348592,0.001883137,-0.00221938,-0.001152765,0.0043633,-0.004512914,-3.63E-05,-3.63E-05,-3.60E-05,0.002813243,-0.000490382,-0.000811538,-0.002210644,-0.002482906,0.002258515,-0.003491326,0.001896122,-0.004127691,0.003335844,-0.001855655
mean_cmnty_cli_ct,-0.002148694,-0.00144141,-0.00161972,-0.00350577,-0.002277241,-0.002993155,-0.00546706,-0.005835482,-0.000115823,-0.001899186,0,0,-0.001912606,-0.006137551,0.000135054,-0.000730927,-0.00632417,-0.004971435,-0.004079172,-0.003877112,-0.006031496,-0.002300967,-0.003521804,-0.004482559,-0.001085735,-0.002853973,0.007042878,-0.006323794,-0.002000729,-0.000233004,0.011298134,0.003251133,-0.003155963,-0.002754893,0.00169153,0,0,0,-0.001737436,0.005585736,0.006784333,0.009164221,0.007543482,-0.008943244,0.008570745,0.005166691,-0.002280766,-0.006109263,0.00633708,-0.001936925,-0.001311565,-0.001550095,-0.003228138,-0.002325869,-0.002766445,-0.005027794,-0.005499112,-0.000772362,-0.002108932,0,0,-0.001654754,-0.005819656,-0.000815975,-0.001308302,-0.006316442,-0.00466826,-0.004383157,-0.004176654,-0.005459042,-0.002606917,-0.003185863,-0.004372916,-0.001174926,-0.00350546,0.006784455,-0.006394842,-0.001536796,-0.001982383,0.007125622,-0.000527633,-0.005399228,-0.001986286,0.002283638,0,0,0,-0.001528063,0.00497891,0.006711942,0.007659732,0.006794231,-0.008365329,0.007428699,0.004565641,-0.002043176,-0.005434009,0.005546201
pct_self_fever,0.885066818,0.898688136,0.65564901,0.662327489,0.40174918,0.701352956,0.418818297,0.379832582,0.289637326,0.290684727,0.004986705,-0.001912606,1,0.359243791,0.26083414,0.285193617,0.341302729,0.322041854,0.243905883,0.2188204,0.406170563,0.395661185,0.379601568,0.336925182,0.429195552,0.106484979,-0.31963337,0.359235176,0.21234894,-0.009182452,0.18257374,0.127283742,-0.127321227,0.143912546,0.008397635,-0.001711202,-0.00169635,-0.001468057,0.220303513,-0.169766948,-0.206890714,-0.192307421,-0.187578081,0.094727844,-0.147188958,-0.152569651,0.009392852,0.188327407,-0.180907315,0.811005449,0.822568807,0.610574608,0.608902635,0.27452344,0.648271042,0.405299914,0.372915808,0.279765228,0.278133168,0.004640289,-0.002045336,0.9194404,0.355557692,0.252915138,0.271943825,0.335617753,0.315016628,0.241161508,0.217259802,0.397552585,0.371095564,0.362046805,0.325360725,0.400369784,0.100266837,-0.315035788,0.354697792,0.243283205,0.082029171,0.219986943,0.197669923,0.165988548,0.120370865,-0.001838551,-0.001414846,-0.001414846,-0.001624964,0.206131471,-0.170928202,-0.200736702,-0.190915371,-0.186109423,0.096790051,-0.147034673,-0.149428377,-0.000463167,0.186345148,-0.180630036
pct_self_cough,0.366207935,0.367196164,0.441012364,0.333802595,0.391952783,0.321562718,0.514827085,0.906011809,0.524574238,0.400368157,0.001841409,-0.006137551,0.359243791,1,0.485653104,0.383472166,0.433259771,0.629447262,0.637298059,0.388242324,0.522770269,0.463104868,0.390656789,0.406670056,0.361818516,0.287657189,-0.678412409,0.709330651,-0.033109167,-0.330906988,-0.055960835,0.183905863,0.228694124,-0.041938929,0.35271571,-0.002296944,-0.002294599,-0.00051704,-0.001039144,-0.103600274,-0.152478749,-0.122132425,-0.119664969,0.149251157,-0.009943103,-0.09117825,0.076010675,0.104021167,-0.093036366,0.318144423,0.319547721,0.388005135,0.28603924,0.109764805,0.277936383,0.482857268,0.864969129,0.483122349,0.359951437,0.000791561,-0.006044452,0.314377771,0.958774419,0.44432577,0.344681602,0.416543079,0.608409246,0.616973618,0.366547076,0.495798435,0.408069471,0.356798951,0.3781879,0.313023892,0.259820051,-0.65122896,0.680596374,0.03638019,-0.153868547,0.042901309,0.335808512,0.560807253,-0.038928033,0.30611113,-0.002046064,-0.002046064,-0.00080534,-0.021272548,-0.104467479,-0.138137486,-0.110952142,-0.111321265,0.147151007,-0.012421389,-0.08271323,0.065647616,0.096389452,-0.088667198
pct_self_shortness_of_breath,0.287411015,0.263938402,0.348775714,0.244607671,0.202225037,0.212648981,0.22562136,0.455933413,0.815571436,0.601590234,0.004940422,0.000135054,0.26083414,0.485653104,1,0.619595153,0.242271651,0.337380252,0.370994386,0.417606789,0.231473184,0.363287496,0.230374525,0.19881397,0.297991223,0.252656367,-0.353948798,0.434852302,0.04942035,-0.107800301,-0.005259362,0.132220782,0.033057814,-0.151006037,0.237234473,-0.000757088,-0.000772274,-0.002931802,-0.000753996,0.163978956,0.139591439,0.183814862,0.164951786,0.073784386,0.287892792,0.175759301,0.18057832,-0.199545128,0.218865934,0.249778733,0.229821685,0.30614146,0.206278406,0.088364514,0.181059956,0.210140176,0.432309798,0.7580709,0.540010801,0.004178279,1.92E-05,0.227602728,0.465114764,0.932440275,0.560766782,0.241676776,0.333869681,0.367814067,0.393277783,0.221947239,0.321779605,0.20940274,0.184962808,0.257498737,0.234044744,-0.339707333,0.421108738,0.077224606,-0.018153252,0.043768277,0.198281357,0.254463044,-0.157707804,0.202428083,-0.000803363,-0.000803363,-0.003107148,-0.019266376,0.15900043,0.144885464,0.188430979,0.167489201,0.073125265,0.280326193,0.17300046,0.178010706,-0.198185905,0.216607146
pct_self_difficulty_breathing,0.314022019,0.292244604,0.352498747,0.266788265,0.242904899,0.24375785,0.27302264,0.374627993,0.587062755,0.753493094,0.004735885,-0.000730927,0.285193617,0.383472166,0.619595153,1,0.295926469,0.313350159,0.275929275,0.291940986,0.275028974,0.4168152,0.273585247,0.265891463,0.307487486,0.146816194,-0.323310023,0.38089396,0.087859737,-0.037922933,0.033538848,0.127801362,-0.040475993,0.075442498,0.019831448,0.003408673,0.00341364,-0.000475062,0.091548355,-0.022797667,-0.060768994,0.013038762,-0.033360307,0.096864268,0.076215017,0.015828056,0.009004463,0.019585,-0.000275336,0.286544802,0.267079114,0.325357066,0.241903461,0.178545792,0.223110915,0.268177214,0.368213615,0.561958449,0.693095267,0.004252733,-0.000729431,0.262040773,0.378438364,0.590948819,0.920349443,0.299078424,0.309635399,0.278705821,0.284673094,0.274761731,0.387822292,0.261825261,0.257041382,0.281953939,0.139543206,-0.319208883,0.379569375,0.116679085,0.050541897,0.083965657,0.188886503,0.193616298,0.041964075,-0.002657323,0.003306951,0.003306951,-0.000503026,0.077350251,-0.030933957,-0.05766747,0.010536191,-0.03819062,0.099481438,0.069124607,0.009593344,0.004246167,0.023528371,-0.006210247
pct_self_tiredness_or_exhaustion,0.297893106,0.315687909,0.39469096,0.291652081,0.482891654,0.346849954,0.684480485,0.49739492,0.280158844,0.299182087,0.000734244,-0.00632417,0.341302729,0.433259771,0.242271651,0.295926469,1,0.624371298,0.450092597,0.36168731,0.689714708,0.478523362,0.708686607,0.653960831,0.342954958,0.184202474,-0.788442414,0.800770638,0.029635045,-0.103054936,0.101987831,0.066266728,0.031015178,0.218040339,-0.08653361,-0.004152925,-0.004164813,-0.00146776,0.144172066,-0.557814281,-0.504452772,-0.551618834,-0.640187638,0.506895751,-0.445511667,-0.433223188,0.045939406,0.554590281,-0.54279552,0.280425965,0.295762663,0.3800405,0.276085465,0.410598571,0.323946842,0.664010739,0.504230455,0.289518516,0.304738716,0.000949758,-0.006215342,0.321648118,0.442405277,0.242594617,0.294387437,0.967759026,0.605425336,0.441106106,0.361130675,0.666674058,0.457166053,0.67808708,0.626939337,0.328718174,0.165521776,-0.768903034,0.785327482,0.136295488,0.138098963,0.221689248,0.275586346,0.541071213,0.209896746,-0.09155262,-0.003925001,-0.003925001,-0.001280543,0.137278529,-0.55186018,-0.49194151,-0.541052966,-0.626061284,0.49958372,-0.438482615,-0.419380067,0.016397782,0.542216523,-0.534436641
pct_self_nasal_congestion,0.299476233,0.30973033,0.399736859,0.283044906,0.403218178,0.304832543,0.592930719,0.653197266,0.372990623,0.324500077,0.002735266,-0.004971435,0.322041854,0.629447262,0.337380252,0.313350159,0.624371298,1,0.689873587,0.361732777,0.602724505,0.442692742,0.525073618,0.509679417,0.343005646,0.291033642,-0.805037782,0.823727445,-0.054216148,-0.285510269,-0.032032842,0.096883604,0.220401154,0.067872286,0.183410634,-0.003995866,-0.003991074,-0.003298809,0.038742884,-0.32305431,-0.334460826,-0.341667077,-0.371591731,0.336405698,-0.22464491,-0.266173097,0.091783198,0.31640647,-0.310738939,0.269552163,0.27827862,0.367614692,0.255641754,0.237052137,0.27653715,0.566130938,0.636620984,0.356983119,0.308183962,0.002217758,-0.005085393,0.292488536,0.614089595,0.317677602,0.294370244,0.601390178,0.959087067,0.664205076,0.349643802,0.575404323,0.406159838,0.493687516,0.480966472,0.313406509,0.262785737,-0.770595024,0.792538896,0.047116026,-0.052300571,0.091861243,0.29474985,0.62325964,0.06717384,0.148308901,-0.003635462,-0.003635462,-0.003578732,0.026708558,-0.318691799,-0.319217447,-0.329414956,-0.357224529,0.329305915,-0.220413352,-0.25416064,0.071260819,0.30491084,-0.302790325
pct_self_runny_nose,0.230671792,0.233857112,0.308371266,0.203740442,0.236202866,0.211480679,0.442182784,0.636750898,0.386631398,0.28166787,-0.003297085,-0.004079172,0.243905883,0.637298059,0.370994386,0.275929275,0.450092597,0.689873587,1,0.362005748,0.46399214,0.361005753,0.35493423,0.367814965,0.253718286,0.351024318,-0.732018342,0.743600995,-0.16504099,-0.415336551,-0.157798144,0.124293421,0.372134346,-0.157688343,0.432806283,-0.005514449,-0.005496792,-0.00400174,-0.128007418,-0.146318313,-0.12122103,-0.124627752,-0.182640973,0.253546172,-0.031639378,-0.097275688,0.111404387,0.118412654,-0.11275828,0.195433202,0.198135339,0.267384261,0.172653482,0.026143167,0.180195008,0.413743926,0.607978228,0.353892308,0.253128279,-0.003639431,-0.004291911,0.207040099,0.610107725,0.338420622,0.248370566,0.430276875,0.665673173,0.963535275,0.340446997,0.43709575,0.317183612,0.322280512,0.340433828,0.216772386,0.320567775,-0.700402648,0.710243591,-0.08313173,-0.225613223,-0.050459048,0.295056413,0.644790838,-0.138602281,0.371458175,-0.005152502,-0.005152502,-0.004232863,-0.13932725,-0.142525101,-0.104207772,-0.111263261,-0.168277342,0.244635274,-0.031635579,-0.088581689,0.099276249,0.107953542,-0.10522797
pct_self_muscle_joint_aches,0.210334893,0.209804633,0.28149498,0.170959447,0.149803868,0.163423117,0.20990089,0.371600903,0.441004792,0.30207625,0.000528439,-0.003877112,0.2188204,0.388242324,0.417606789,0.291940986,0.36168731,0.361732777,0.362005748,1,0.220180082,0.244751899,0.273655004,0.240957425,0.243188949,0.269481312,-0.441417054,0.52709462,-0.016907399,-0.130597763,-0.022606218,0.042931862,0.101333647,-0.164221626,0.192150038,-0.006260628,-0.00626343,-0.007958424,-0.050051601,0.136351903,0.149524929,0.114502267,0.137115311,0.132797601,0.22726913,0.145102587,0.328173939,-0.199341447,0.205849485,0.176057436,0.175458432,0.241408485,0.136894279,0.108721172,0.132590323,0.188612184,0.348972079,0.405071175,0.261146686,0.000576759,-0.003744552,0.183819058,0.370931307,0.385538112,0.259607283,0.349909753,0.353902625,0.353360558,0.936531255,0.204327176,0.209222175,0.245065307,0.220105021,0.205895645,0.252867251,-0.412711648,0.501831287,0.033281993,0.000138401,0.047142306,0.144099689,0.337100344,-0.160578981,0.169879278,-0.006171664,-0.006171664,-0.008067614,-0.062461023,0.138892325,0.156189169,0.126807319,0.149716773,0.126358797,0.226037799,0.147092375,0.321175392,-0.203518638,0.209817698
pct_self_sore_throat,0.374906093,0.409874678,0.457627665,0.361353534,0.536694872,0.399920775,0.91248939,0.575495952,0.272080406,0.279647483,-0.002389178,-0.006031496,0.406170563,0.522770269,0.231473184,0.275028974,0.689714708,0.602724505,0.46399214,0.220180082,1,0.494533121,0.610900128,0.574898987,0.392235025,0.175756399,-0.696765448,0.697726132,0.071679591,-0.10977944,0.144293672,0.12408775,-0.002705553,0.182474257,0.01335635,-0.003348717,-0.003352955,0.000549438,0.17286008,-0.49864627,-0.467021957,-0.506573845,-0.565012453,0.398562832,-0.408811922,-0.406623935,0.016583465,0.507862971,-0.496447858,0.350064446,0.380567313,0.434147994,0.337397489,0.352703997,0.371962864,0.871472634,0.569582387,0.272974172,0.280289596,-0.002268837,-0.006079105,0.380669559,0.520135954,0.226908601,0.26862062,0.665448004,0.580690404,0.450732793,0.225427502,0.956803711,0.463186471,0.58392108,0.547909676,0.369950834,0.156341562,-0.680123394,0.681349453,0.164696707,0.095293678,0.245174447,0.299456196,0.461516104,0.173230935,-0.002243365,-0.003031455,-0.003031455,0.000701867,0.16412606,-0.492346551,-0.45360405,-0.496797395,-0.552237,0.393881174,-0.402490442,-0.391213528,-0.008391655,0.494466266,-0.488199219
pct_self_persistent_pain_pressure_in_chest,0.39224286,0.390661889,0.43589969,0.360406727,0.413414294,0.36674058,0.501755909,0.491379208,0.37488196,0.404805934,0.0044609,-0.002300967,0.395661185,0.463104868,0.363287496,0.4168152,0.478523362,0.442692742,0.361005753,0.244751899,0.494533121,1,0.451417815,0.445269621,0.376740132,0.12902911,-0.491099341,0.513661327,0.098418065,-0.13131188,0.079765638,0.17950618,0.005031574,0.186440355,0.050295334,-0.001984992,-0.001987392,0.00308153,0.173331656,-0.30051395,-0.344369514,-0.306035979,-0.341196089,0.191741985,-0.260942873,-0.264951308,-0.06534052,0.335702158,-0.327336501,0.364904753,0.36314096,0.410107836,0.333091518,0.265397468,0.340499044,0.487503813,0.485754209,0.364635519,0.388713732,0.004051186,-0.002419778,0.370553939,0.458329564,0.345767883,0.394566166,0.46699553,0.430810524,0.353446271,0.244708809,0.482243899,0.928569703,0.432487184,0.425408697,0.351358641,0.112871014,-0.4826049,0.505418593,0.159051927,0.012572851,0.155143878,0.297233088,0.352399951,0.181094107,0.043625613,-0.001672574,-0.001672574,0.00319029,0.158222435,-0.301512785,-0.335507804,-0.303569285,-0.338519211,0.193212185,-0.259540612,-0.258563222,-0.077959216,0.330312364,-0.325029076
pct_self_nausea_vomiting,0.343955315,0.356757982,0.428620656,0.323324709,0.474180183,0.363919722,0.611732664,0.446095858,0.269510155,0.282569416,-0.00094557,-0.003521804,0.379601568,0.390656789,0.230374525,0.273585247,0.708686607,0.525073618,0.35493423,0.273655004,0.610900128,0.451417815,1,0.607847296,0.375653835,0.171238734,-0.609367868,0.64153995,0.103237719,-0.034932732,0.13753063,0.053726239,-0.045650094,0.166710591,-0.061164713,-0.000861599,-0.000863024,-0.003305354,0.193264244,-0.444593416,-0.409051102,-0.460640216,-0.512568517,0.420760122,-0.354030022,-0.350251683,0.093419473,0.440553981,-0.429638773,0.32364269,0.334923062,0.408878757,0.305776259,0.392085899,0.342895806,0.597821258,0.450914076,0.277943216,0.287259378,-0.000726114,-0.003441737,0.35912507,0.397922334,0.232859665,0.273808988,0.690475231,0.5113254,0.350017102,0.278792638,0.595441952,0.432026576,0.952246093,0.586445186,0.355665745,0.153538185,-0.597907992,0.63335275,0.185972722,0.154995812,0.23371868,0.223080394,0.398174227,0.164594002,-0.060665555,-0.000510083,-0.000510083,-0.003092705,0.184026549,-0.439800207,-0.39958824,-0.451464509,-0.500599189,0.415451091,-0.349222318,-0.338107626,0.063465616,0.43089896,-0.424148879
pct_self_diarrhea,0.310739998,0.321859934,0.375532968,0.29822609,0.435210454,0.335582351,0.578448321,0.455705037,0.233601961,0.2706601,0.00764779,-0.004482559,0.336925182,0.406670056,0.19881397,0.265891463,0.653960831,0.509679417,0.367814965,0.240957425,0.574898987,0.445269621,0.607847296,1,0.326488137,0.099593303,-0.633531508,0.63476835,0.038361859,-0.106258593,0.098636784,0.106022782,0.018907703,0.278284995,-0.103763081,-0.002512863,-0.002520541,0.001344669,0.164207414,-0.468377929,-0.478291921,-0.477166324,-0.528399435,0.341065177,-0.408972786,-0.391070814,-0.049105485,0.494161297,-0.488040505,0.295416215,0.304904898,0.363141389,0.283632105,0.348372045,0.315818081,0.564815813,0.461521185,0.24330015,0.276726373,0.007331065,-0.004550624,0.320997023,0.413284245,0.200110467,0.265549585,0.637614612,0.496763231,0.364556856,0.247736025,0.561504835,0.426864129,0.583409071,0.947191407,0.314191077,0.088439712,-0.622717566,0.62596885,0.123575321,0.093534147,0.199979649,0.270462252,0.446660466,0.269650505,-0.097151627,-0.001979915,-0.001979915,0.00142936,0.156191728,-0.467260744,-0.466949189,-0.471023606,-0.521906349,0.340094076,-0.40236016,-0.379090756,-0.070472664,0.485990407,-0.483013368
pct_self_anosmia_ageusia,0.427828796,0.430196277,0.913570937,0.405625477,0.46681815,0.398066129,0.407542357,0.389810081,0.336756851,0.327839624,0.003856631,-0.001085735,0.429195552,0.361818516,0.297991223,0.307487486,0.342954958,0.343005646,0.253718286,0.243188949,0.392235025,0.376740132,0.375653835,0.326488137,1,0.122190437,-0.333595017,0.380875625,0.336321204,0.015847098,0.170598572,0.126023499,-0.173055158,0.105361019,0.021856968,-0.003268861,-0.003258832,3.57E-06,0.297246849,-0.137006579,-0.163906949,-0.153460914,-0.153756194,0.084370196,-0.106633783,-0.113519746,0.029100792,0.154057003,-0.139281935,0.399796864,0.402886822,0.856480004,0.380133464,0.354503625,0.37656555,0.400023721,0.386992032,0.328475118,0.313550512,0.00365679,-0.001155928,0.405441779,0.360411789,0.287718616,0.294446756,0.33990361,0.338361187,0.254215058,0.241750269,0.388561361,0.354066488,0.361803175,0.315858423,0.925284783,0.113522009,-0.331097404,0.380616036,0.373606776,0.118073293,0.222950427,0.199125592,0.157346716,0.085467587,0.013213049,-0.00304158,-0.00304158,6.38E-05,0.279646809,-0.139953037,-0.159291246,-0.15190932,-0.154168587,0.087081547,-0.109422664,-0.111128868,0.019384518,0.152531181,-0.140711039
pct_self_other,0.097659218,0.097367724,0.146181238,0.068343079,0.029897768,0.071652394,0.153327808,0.268339107,0.255650881,0.144856301,-0.002373396,-0.002853973,0.106484979,0.287657189,0.252656367,0.146816194,0.184202474,0.291033642,0.351024318,0.269481312,0.175756399,0.12902911,0.171238734,0.099593303,0.122190437,1,-0.336498151,0.369261911,-0.071406375,-0.188198752,-0.070051092,0.037549901,0.173881782,-0.300907817,0.356901961,-0.002196397,-0.002218669,-0.004223814,-0.120559522,0.031834464,0.118799036,0.002109399,0.03521609,0.224720346,0.147246748,0.07347561,0.320736868,-0.119888927,0.114176505,0.073444317,0.073731607,0.115599455,0.048853526,-0.052574706,0.053296965,0.134467651,0.245571778,0.224335778,0.116783557,-0.002396584,-0.002872095,0.080560524,0.26789357,0.223653614,0.12174887,0.1687806,0.278013315,0.332465873,0.247318483,0.158878002,0.101864247,0.145193166,0.085415237,0.094329731,0.936038868,-0.310521363,0.34192014,-0.035621687,-0.101789962,-0.021683591,0.115097362,0.295064373,-0.265956056,0.316670367,-0.002082391,-0.002082391,-0.004349983,-0.126622127,0.042819483,0.125247338,0.018356799,0.054093885,0.209815037,0.147750018,0.083179687,0.311085451,-0.128886017,0.122876444
pct_self_none_of_above,-0.279688775,-0.294360232,-0.390214742,-0.271927426,-0.418137532,-0.312311186,-0.678141773,-0.709521229,-0.384935158,-0.33208836,0.000331141,0.007042878,-0.31963337,-0.678412409,-0.353948798,-0.323310023,-0.788442414,-0.805037782,-0.732018342,-0.441417054,-0.696765448,-0.491099341,-0.609367868,-0.633531508,-0.333595017,-0.336498151,1,-0.907114771,0.10062647,0.335314481,0.040779544,-0.101711487,-0.272186361,-0.027344044,-0.220293969,0.006322752,0.00631486,0.003593414,-0.003731035,0.428382534,0.385750057,0.401098956,0.489113506,-0.433752693,0.289180487,0.321965477,-0.051199334,-0.412335431,0.400711806,-0.251747513,-0.264168702,-0.362044741,-0.246629957,-0.224320876,-0.282938635,-0.650212926,-0.697843035,-0.37342111,-0.321376746,0.000493892,0.007103502,-0.289633282,-0.666778644,-0.33544595,-0.307749262,-0.759835711,-0.776639989,-0.709540729,-0.428492504,-0.665845039,-0.454921785,-0.575005802,-0.600109245,-0.307646823,-0.305145788,0.968287719,-0.881175908,-0.028001118,0.047329794,-0.113014461,-0.356262563,-0.778179258,-0.038015858,-0.177370987,0.005829878,0.005829878,0.003612235,0.005720183,0.423035153,0.367924947,0.387173802,0.474037684,-0.425812756,0.285227895,0.307738519,-0.02780717,-0.398445388,0.391312489
pct_self_multiple_symptoms,0.319798329,0.33290294,0.443752011,0.305520832,0.448564237,0.340105404,0.678656523,0.729439817,0.465314897,0.389180763,0.000419164,-0.006323794,0.359235176,0.709330651,0.434852302,0.38089396,0.800770638,0.823727445,0.743600995,0.52709462,0.697726132,0.513661327,0.64153995,0.63476835,0.380875625,0.369261911,-0.907114771,1,-0.053913281,-0.288775148,-0.007919227,0.117911125,0.210210349,0.020810423,0.209060898,-0.00569144,-0.005695322,-0.002122588,0.027156712,-0.356589885,-0.328291221,-0.356159524,-0.41574987,0.424416733,-0.217083579,-0.267818851,0.137624371,0.333302312,-0.321239026,0.285897669,0.297033705,0.407711518,0.273696317,0.269636558,0.305458857,0.647589885,0.712381673,0.446274942,0.369038786,0.000158752,-0.006353758,0.323839234,0.69458496,0.410519065,0.3583881,0.773940669,0.796171188,0.721108024,0.50941267,0.666734335,0.471866867,0.602646865,0.599517623,0.347318462,0.33631156,-0.87353598,0.967175902,0.060157285,-0.026266839,0.130439399,0.343673616,0.69815493,0.027993914,0.172584398,-0.00521983,-0.00521983,-0.002232433,0.013965837,-0.35137304,-0.311109982,-0.340899834,-0.399063943,0.41563473,-0.213342944,-0.254140715,0.112938344,0.320465789,-0.312025396
pct_tested_and_positive,0.21952804,0.213644964,0.316416039,0.259043858,0.409125424,0.245002442,0.110435709,-0.000827953,0.086449618,0.119713734,0.013955247,-0.002000729,0.21234894,-0.033109167,0.04942035,0.087859737,0.029635045,-0.054216148,-0.16504099,-0.016907399,0.071679591,0.098418065,0.103237719,0.038361859,0.336321204,-0.071406375,0.10062647,-0.053913281,1,0.317028408,0.188863946,-0.043344293,-0.518580926,0.146056458,-0.187712578,0.001152934,0.001164865,0.006429262,0.474549726,0.004427369,-0.04309577,-0.023031704,0.005837857,-0.084436955,-0.051976535,-0.01133256,-0.023582486,0.028077826,-0.019756408,0.211342421,0.205017653,0.302692113,0.248473914,0.414715695,0.238216727,0.116044199,0.007934953,0.090760658,0.117682484,0.01377811,-0.001923991,0.20825043,-0.023116431,0.05332577,0.086043189,0.037918927,-0.048636795,-0.152869871,-0.005829933,0.079248984,0.100469624,0.106904691,0.045545027,0.314972636,-0.059984413,0.088635509,-0.041585241,0.90822276,0.305484655,0.178797611,-0.057828922,-0.292968478,0.133176694,-0.178230919,0.00133048,0.00133048,0.006797202,0.453859232,-0.002514098,-0.050223128,-0.031925031,-0.00428227,-0.076587912,-0.058441382,-0.017194632,-0.02503723,0.03473048,-0.027326558
pct_tested_and_negative,-0.0051862,-0.001964982,-0.007227816,0.016470879,0.1601952,0.009492137,-0.08656519,-0.313758967,-0.091375824,-0.022432471,0.003506444,-0.000233004,-0.009182452,-0.330906988,-0.107800301,-0.037922933,-0.103054936,-0.285510269,-0.415336551,-0.130597763,-0.10977944,-0.13131188,-0.034932732,-0.106258593,0.015847098,-0.188198752,0.335314481,-0.288775148,0.317028408,1,0.231389113,-0.196048014,-0.877777058,0.169166274,-0.437216684,-0.004405497,-0.004408154,0.009062809,0.313826152,0.08667575,0.094513561,0.080312364,0.088698371,-0.060491129,0.039870822,0.095563052,0.028576352,-0.080867609,0.090370159,0.009218935,0.0122902,0.006115554,0.026481858,0.272161141,0.020023622,-0.071111932,-0.294607467,-0.075590195,-0.012715333,0.003875981,0.000239757,0.006690819,-0.31021994,-0.091559992,-0.027199003,-0.087831149,-0.268359179,-0.393253823,-0.116772741,-0.094040404,-0.106230891,-0.019330105,-0.083208104,0.024440115,-0.166635749,0.311253131,-0.265687817,0.271611577,0.885389237,0.181797545,-0.253871575,-0.611015307,0.147135069,-0.421116633,-0.004470757,-0.004470757,0.009394897,0.306726132,0.07594614,0.076294575,0.064146304,0.072132685,-0.051748953,0.032901698,0.080555898,0.029669346,-0.066926279,0.07614361
pct_tested_no_result,0.157186352,0.173465566,0.183397729,0.179003171,0.284965743,0.189069476,0.166603183,-0.029490891,0.022952637,0.055882291,0.001606528,0.011298134,0.18257374,-0.055960835,-0.005259362,0.033538848,0.101987831,-0.032032842,-0.157798144,-0.022606218,0.144293672,0.079765638,0.13753063,0.098636784,0.170598572,-0.070051092,0.040779544,-0.007919227,0.188863946,0.231389113,1,-0.022047866,-0.45924488,0.147555369,-0.218594018,0.00524245,0.005248189,0.003613733,0.262366613,-0.07875602,-0.083126628,-0.099661794,-0.089590743,0.009230215,-0.100093015,-0.073957039,-0.011148906,0.097969444,-0.093790175,0.152576645,0.166895828,0.182676231,0.174608289,0.306737589,0.185412507,0.165748724,-0.019308544,0.033637621,0.065020152,0.001628428,0.011531834,0.177442267,-0.04446884,0.005207165,0.042835232,0.104527908,-0.031231179,-0.147435109,-0.008436299,0.142352021,0.083714287,0.140844244,0.099658008,0.167893052,-0.063283131,0.034001721,0.00088028,0.19901581,0.249452754,0.902794395,-0.023069109,-0.216440737,0.153412893,-0.201791358,0.005223497,0.005223497,0.003884135,0.251159238,-0.079957915,-0.086555956,-0.102850325,-0.093006264,0.009975766,-0.100266042,-0.073064958,-0.017249188,0.09980646,-0.09607963
